   1.00000000000000     
   1.00000000000000     
   1.00000000000000     
   1.00000000000000     
   1.00000000000000     
   1.00000000000000     
  0.983515001197043     
  0.959478969626532     
  0.933587662729771     
  0.906312573456683     
  0.878101296773235     
  0.849365219804636     
  0.820471358320446     
  0.791737996911772     
  0.763433541262658     
  0.735777876915547     
  0.708945521933843     
  0.683069926477108     
  0.658248378058632     
  0.634547091214888     
  0.612006176541209     
  0.616372108785268     
   1.00000000000000     
   1.00000000000000     
   1.00000000000000     
   1.00000000000000     
   1.00000000000000     
   1.00000000000000     
   1.00000000000000     
   1.00000000000000     
   1.00000000000000     
   1.00000000000000     
   1.00000000000000     
   1.00000000000000     
  0.988331161270511     
  0.968935308202195     
  0.951175966162443     
  0.934982702828957     
  0.920290375201230     
  0.907039156182450     
  0.895174507377887     
  0.884647114662145     
  0.875412799677459     
  0.867432417661162     
  0.860671749760230     
  0.855101396184225     
  0.850696675096391     
  0.847437530978576     
  0.845308455271208     
  0.844298421335444     
  0.844400835168398     
  0.845613502787319     
  0.847938614752186     
  0.851382747888890     
  0.855956883879264     
  0.890892691565113     
   1.00000000000000     
   1.00000000000000     
   1.00000000000000     
   1.00000000000000     
   1.00000000000000     
   1.00000000000000     
   1.00000000000000     
   1.00000000000000     
   1.00000000000000     
   1.00000000000000     
   1.00000000000000     
   1.00000000000000     
   1.00000000000000     
   1.00000000000000     
   1.00000000000000     
   1.00000000000000     
   1.00000000000000     
   1.00000000000000     
   1.00000000000000     
   1.00000000000000     
   1.00000000000000     
   1.00000000000000     
   1.00000000000000     
   1.00000000000000     
   1.00000000000000     
   1.00000000000000     
   1.00000000000000     
   1.00000000000000     
   1.00000000000000     
   1.00000000000000     
   1.00000000000000     
   1.00000000000000     
   1.00000000000000     
   1.00000000000000     
   1.00000000000000     
   1.00000000000000     
   1.00000000000000     
   1.00000000000000     
   1.00000000000000     
   1.00000000000000     
   1.00000000000000     
   1.00000000000000     
   1.00000000000000     
   1.00000000000000     
